gcc test/test.c src/vocab.c src/positional_encoding.c src/embedding_table.c src/utils/hash_map.c src/tensor.c src/input_embedding.c -o test-bin

[Module: matrix]
[PASS] test/test_matrix.c:19: create matrix

[Module: hashmap]
[PASS] test/test_hash_map.c:16: Create hashmap
[PASS] test/test_hash_map.c:20: Hashmap add
[PASS] test/test_hash_map.c:23: Hashmap get
[PASS] test/test_hash_map.c:25: Hashmap get not in
[PASS] test/test_hash_map.c:30: Hashmap add a bunch

[Module: vocab]
[PASS] test/test_vocab.c:13: Create empty vocab
[PASS] test/test_vocab.c:24: Add sentence to vocab
[PASS] test/test_vocab.c:27: Add duplicate sentence to vocab

[Module: embedding table]
[PASS] test/test_embedding_table.c:17: Create embedding table

[Module: input embedding]
[PASS] test/test_input_embedding.c:20: Load vocab from file
[PASS] test/test_input_embedding.c:24: Create embedding table

[Module: positional encoding]
{[0.000000, 1.000000, 0.000000, 1.000000, 0.000000, 1.000000, 0.000000, 1.000000, 0.000000, 1.000000, 0.000000, 1.000000, 0.000000, 1.000000, 0.000000, 1.000000, 0.000000, 1.000000, 0.000000, 1.000000, 0.000000, 1.000000, 0.000000, 1.000000, 0.000000, 1.000000, 0.000000, 1.000000, 0.000000, 1.000000, 0.000000, 1.000000, 0.000000, 1.000000, 0.000000, 1.000000, 0.000000, 1.000000, 0.000000, 1.000000, 0.000000, 1.000000, 0.000000, 1.000000, 0.000000, 1.000000, 0.000000, 1.000000, 0.000000, 1.000000, 0.000000, 1.000000, 0.000000, 1.000000, 0.000000, 1.000000, 0.000000, 1.000000, 0.000000, 1.000000, 0.000000, 1.000000, 0.000000, 1.000000],
[0.841471, 0.540302, 0.681561, 0.731761, 0.533168, 0.846009, 0.409309, 0.912396, 0.310984, 0.950415, 0.234921, 0.972014, 0.176892, 0.984230, 0.132957, 0.991122, 0.099833, 0.995004, 0.074919, 0.997190, 0.056204, 0.998419, 0.042157, 0.999111, 0.031618, 0.999500, 0.023712, 0.999719, 0.017782, 0.999842, 0.013335, 0.999911, 0.010000, 0.999950, 0.007499, 0.999972, 0.005623, 0.999984, 0.004217, 0.999991, 0.003162, 0.999995, 0.002371, 0.999997, 0.001778, 0.999998, 0.001334, 0.999999, 0.001000, 1.000000, 0.000750, 1.000000, 0.000562, 1.000000, 0.000422, 1.000000, 0.000316, 1.000000, 0.000237, 1.000000, 0.000178, 1.000000, 0.000133, 1.000000],
[0.909297, -0.416147, 0.997480, 0.070948, 0.902131, 0.431463, 0.746904, 0.664932, 0.591127, 0.806578, 0.456693, 0.889624, 0.348205, 0.937418, 0.263554, 0.964645, 0.198669, 0.980067, 0.149417, 0.988774, 0.112231, 0.993682, 0.084239, 0.996446, 0.063203, 0.998001, 0.047410, 0.998875, 0.035558, 0.999368, 0.026667, 0.999644, 0.019999, 0.999800, 0.014997, 0.999888, 0.011247, 0.999937, 0.008434, 0.999964, 0.006325, 0.999980, 0.004743, 0.999989, 0.003557, 0.999994, 0.002667, 0.999996, 0.002000, 0.999998, 0.001500, 0.999999, 0.001125, 0.999999, 0.000843, 1.000000, 0.000632, 1.000000, 0.000474, 1.000000, 0.000356, 1.000000, 0.000267, 1.000000],
[0.141120, -0.989992, 0.778273, -0.627926, 0.993253, -0.115966, 0.953634, 0.300967, 0.812649, 0.582754, 0.652904, 0.757441, 0.508536, 0.861041, 0.389470, 0.921039, 0.295520, 0.955337, 0.223075, 0.974801, 0.167903, 0.985803, 0.126172, 0.992008, 0.094726, 0.995503, 0.071081, 0.997471, 0.053323, 0.998577, 0.039995, 0.999200, 0.029995, 0.999550, 0.022495, 0.999747, 0.016869, 0.999858, 0.012651, 0.999920, 0.009487, 0.999955, 0.007114, 0.999975, 0.005335, 0.999986, 0.004001, 0.999992, 0.003000, 0.999996, 0.002250, 0.999997, 0.001687, 0.999999, 0.001265, 0.999999, 0.000949, 1.000000, 0.000711, 1.000000, 0.000533, 1.000000, 0.000400, 1.000000],
[-0.756802, -0.653644, 0.141539, -0.989933, 0.778472, -0.627680, 0.993281, -0.115730, 0.953581, 0.301137, 0.812571, 0.582862, 0.652828, 0.757506, 0.508471, 0.861079, 0.389418, 0.921061, 0.295480, 0.955349, 0.223044, 0.974808, 0.167880, 0.985807, 0.126154, 0.992011, 0.094713, 0.995505, 0.071071, 0.997471, 0.053316, 0.998578, 0.039989, 0.999200, 0.029991, 0.999550, 0.022492, 0.999747, 0.016867, 0.999858, 0.012649, 0.999920, 0.009485, 0.999955, 0.007113, 0.999975, 0.005334, 0.999986, 0.004000, 0.999992, 0.003000, 0.999996, 0.002249, 0.999997, 0.001687, 0.999999, 0.001265, 0.999999, 0.000949, 1.000000, 0.000711, 1.000000, 0.000533, 1.000000],
[-0.958924, 0.283662, -0.571127, -0.820862, 0.323935, -0.946079, 0.858896, -0.512150, 0.999947, -0.010342, 0.926757, 0.375661, 0.776530, 0.630080, 0.618444, 0.785829, 0.479426, 0.877583, 0.366223, 0.930527, 0.277481, 0.960731, 0.209289, 0.977854, 0.157456, 0.987526, 0.118291, 0.992979, 0.088797, 0.996050, 0.066627, 0.997778, 0.049979, 0.998750, 0.037486, 0.999297, 0.028113, 0.999605, 0.021083, 0.999778, 0.015811, 0.999875, 0.011857, 0.999930, 0.008891, 0.999960, 0.006668, 0.999978, 0.005000, 0.999987, 0.003749, 0.999993, 0.002812, 0.999996, 0.002108, 0.999998, 0.001581, 0.999999, 0.001186, 0.999999, 0.000889, 1.000000, 0.000667, 1.000000],
[-0.279415, 0.960170, -0.977396, -0.211417, -0.230368, -0.973104, 0.574026, -0.818837, 0.947148, -0.320796, 0.989072, 0.147433, 0.875741, 0.482782, 0.717435, 0.696626, 0.564642, 0.825336, 0.434908, 0.900475, 0.331039, 0.943617, 0.250327, 0.968161, 0.188600, 0.982054, 0.141803, 0.989895, 0.106494, 0.994313, 0.079926, 0.996801, 0.059964, 0.998201, 0.044978, 0.998988, 0.033734, 0.999431, 0.025299, 0.999680, 0.018973, 0.999820, 0.014228, 0.999899, 0.010669, 0.999943, 0.008001, 0.999968, 0.006000, 0.999982, 0.004499, 0.999990, 0.003374, 0.999994, 0.002530, 0.999997, 0.001897, 0.999998, 0.001423, 0.999999, 0.001067, 0.999999, 0.000800, 1.000000],
[0.656987, 0.753902, -0.859313, 0.511449, -0.713721, -0.700430, 0.188581, -0.982058, 0.800422, -0.599437, 0.996027, -0.089047, 0.947331, 0.320257, 0.803687, 0.595053, 0.644218, 0.764842, 0.501149, 0.865361, 0.383552, 0.923519, 0.290919, 0.956748, 0.219556, 0.975600, 0.165235, 0.986254, 0.124158, 0.992262, 0.093211, 0.995646, 0.069943, 0.997551, 0.052468, 0.998623, 0.039354, 0.999225, 0.029514, 0.999564, 0.022134, 0.999755, 0.016599, 0.999862, 0.012448, 0.999923, 0.009335, 0.999956, 0.007000, 0.999976, 0.005249, 0.999986, 0.003936, 0.999992, 0.002952, 0.999996, 0.002214, 0.999998, 0.001660, 0.999999, 0.001245, 0.999999, 0.000933, 1.000000],
[0.989358, -0.145500, -0.280228, 0.959933, -0.977262, -0.212036, -0.229904, -0.973213, 0.574318, -0.818632, 0.947234, -0.320543, 0.989042, 0.147631, 0.875668, 0.482914, 0.717356, 0.696707, 0.564573, 0.825383, 0.434851, 0.900502, 0.330994, 0.943633, 0.250292, 0.968170, 0.188574, 0.982059, 0.141783, 0.989898, 0.106479, 0.994315, 0.079915, 0.996802, 0.059956, 0.998201, 0.044972, 0.998988, 0.033729, 0.999431, 0.025296, 0.999680, 0.018970, 0.999820, 0.014226, 0.999899, 0.010668, 0.999943, 0.008000, 0.999968, 0.005999, 0.999982, 0.004499, 0.999990, 0.003374, 0.999994, 0.002530, 0.999997, 0.001897, 0.999998, 0.001423, 0.999999, 0.001067, 0.999999],
[0.412118, -0.911130, 0.449194, 0.893434, -0.939824, 0.341660, -0.608109, -0.793854, 0.291259, -0.956644, 0.845423, -0.534098, 0.999560, -0.029651, 0.932100, 0.362200, 0.783327, 0.621610, 0.624823, 0.780766, 0.484776, 0.874638, 0.370481, 0.928840, 0.280778, 0.959773, 0.211807, 0.977311, 0.159363, 0.987220, 0.119729, 0.992807, 0.089879, 0.995953, 0.067439, 0.997723, 0.050589, 0.998720, 0.037944, 0.999280, 0.028457, 0.999595, 0.021341, 0.999772, 0.016004, 0.999872, 0.012001, 0.999928, 0.009000, 0.999960, 0.006749, 0.999977, 0.005061, 0.999987, 0.003795, 0.999993, 0.002846, 0.999996, 0.002134, 0.999998, 0.001600, 0.999999, 0.001200, 0.999999],
[-0.544021, -0.839072, 0.937633, 0.347628, -0.612937, 0.790132, -0.879767, -0.475405, -0.020684, -0.999786, 0.696292, -0.717758, 0.978552, -0.205998, 0.971982, 0.235055, 0.841471, 0.540302, 0.681561, 0.731761, 0.533168, 0.846009, 0.409309, 0.912396, 0.310984, 0.950415, 0.234921, 0.972014, 0.176892, 0.984230, 0.132957, 0.991122, 0.099833, 0.995004, 0.074919, 0.997190, 0.056204, 0.998419, 0.042157, 0.999111, 0.031618, 0.999500, 0.023712, 0.999719, 0.017782, 0.999842, 0.013335, 0.999911, 0.010000, 0.999950, 0.007499, 0.999972, 0.005623, 0.999984, 0.004217, 0.999991, 0.003162, 0.999995, 0.002371, 0.999997, 0.001778, 0.999998, 0.001334, 0.999999],
[-0.999990, 0.004426, 0.923053, -0.384673, -0.097277, 0.995257, -0.997283, -0.073660, -0.330575, -0.943780, 0.508190, -0.861245, 0.926682, -0.375847, 0.994605, 0.103736, 0.891207, 0.453596, 0.734469, 0.678642, 0.579875, 0.814705, 0.447409, 0.894329, 0.340878, 0.940108, 0.257903, 0.966171, 0.194366, 0.980929, 0.146162, 0.989261, 0.109778, 0.993956, 0.082395, 0.996600, 0.061818, 0.998087, 0.046370, 0.998924, 0.034778, 0.999395, 0.026082, 0.999660, 0.019560, 0.999809, 0.014668, 0.999892, 0.011000, 0.999940, 0.008249, 0.999966, 0.006186, 0.999981, 0.004639, 0.999989, 0.003478, 0.999994, 0.002609, 0.999997, 0.001956, 0.999998, 0.001467, 0.999999],
[-0.536573, 0.843854, 0.413276, -0.910606, 0.448343, 0.893862, -0.940067, 0.340989, -0.607683, -0.794179, 0.291643, -0.956527, 0.845583, -0.533843, 0.999567, -0.029425, 0.932039, 0.362358, 0.783248, 0.621709, 0.624749, 0.780826, 0.484714, 0.874673, 0.370431, 0.928860, 0.280740, 0.959784, 0.211778, 0.977318, 0.159340, 0.987224, 0.119712, 0.992809, 0.089866, 0.995954, 0.067430, 0.997724, 0.050582, 0.998720, 0.037938, 0.999280, 0.028453, 0.999595, 0.021338, 0.999772, 0.016002, 0.999872, 0.012000, 0.999928, 0.008999, 0.999960, 0.006748, 0.999977, 0.005060, 0.999987, 0.003795, 0.999993, 0.002846, 0.999996, 0.002134, 0.999998, 0.001600, 0.999999],
[0.420167, 0.907447, -0.318216, -0.948018, 0.855881, 0.517173, -0.718143, 0.695895, -0.824528, -0.565821, 0.058773, -0.998271, 0.737816, -0.675002, 0.986780, -0.162064, 0.963558, 0.267499, 0.827625, 0.561282, 0.667647, 0.744478, 0.521156, 0.853461, 0.399614, 0.916683, 0.303419, 0.952857, 0.229123, 0.973398, 0.172491, 0.985011, 0.129634, 0.991562, 0.097332, 0.995252, 0.073039, 0.997329, 0.054793, 0.998498, 0.041098, 0.999155, 0.030823, 0.999525, 0.023116, 0.999733, 0.017335, 0.999850, 0.013000, 0.999915, 0.009748, 0.999952, 0.007310, 0.999973, 0.005482, 0.999985, 0.004111, 0.999992, 0.003083, 0.999995, 0.002312, 0.999997, 0.001734, 0.999999],
[0.990607, 0.136737, -0.878990, -0.476839, 0.999823, -0.018796, -0.370395, 0.928874, -0.959605, -0.281349, -0.177387, -0.984141, 0.606778, -0.794871, 0.956472, -0.291824, 0.985450, 0.169967, 0.867350, 0.497699, 0.708435, 0.705776, 0.556673, 0.830732, 0.428398, 0.903590, 0.325927, 0.945395, 0.246395, 0.969169, 0.185610, 0.982623, 0.139543, 0.990216, 0.104792, 0.994494, 0.078646, 0.996903, 0.059003, 0.998258, 0.044257, 0.999020, 0.033193, 0.999449, 0.024893, 0.999690, 0.018668, 0.999826, 0.014000, 0.999902, 0.010498, 0.999945, 0.007873, 0.999969, 0.005904, 0.999983, 0.004427, 0.999990, 0.003320, 0.999995, 0.002490, 0.999997, 0.001867, 0.999998],
[0.650288, -0.759688, -0.968206, 0.250154, 0.835838, -0.548975, 0.042250, 0.999107, -0.999519, 0.031022, -0.403618, -0.914928, 0.456603, -0.889670, 0.909180, -0.416404, 0.997495, 0.070737, 0.902199, 0.431320, 0.746983, 0.664844, 0.591199, 0.806526, 0.456753, 0.889594, 0.348252, 0.937401, 0.263590, 0.964635, 0.198697, 0.980061, 0.149438, 0.988771, 0.112247, 0.993680, 0.084251, 0.996445, 0.063212, 0.998000, 0.047416, 0.998875, 0.035563, 0.999367, 0.026671, 0.999644, 0.020001, 0.999800, 0.014999, 0.999888, 0.011248, 0.999937, 0.008435, 0.999964, 0.006325, 0.999980, 0.004743, 0.999989, 0.003557, 0.999994, 0.002667, 0.999996, 0.002000, 0.999998],
[-0.287903, -0.957659, -0.538001, 0.842944, 0.414430, -0.910081, 0.447492, 0.894288, -0.940310, 0.340318, -0.607258, -0.794505, 0.292027, -0.956410, 0.845744, -0.533589, 0.999574, -0.029200, 0.931978, 0.362516, 0.783169, 0.621809, 0.624674, 0.780885, 0.484651, 0.874707, 0.370382, 0.928880, 0.280701, 0.959795, 0.211748, 0.977324, 0.159318, 0.987227, 0.119695, 0.992811, 0.089853, 0.995955, 0.067420, 0.997725, 0.050575, 0.998720, 0.037933, 0.999280, 0.028449, 0.999595, 0.021335, 0.999772, 0.015999, 0.999872, 0.011998, 0.999928, 0.008997, 0.999960, 0.006747, 0.999977, 0.005060, 0.999987, 0.003794, 0.999993, 0.002845, 0.999996, 0.002134, 0.999998],
[-0.961397, -0.275163, 0.180830, 0.983514, -0.134614, -0.990898, 0.774330, 0.632782, -0.787852, 0.615865, -0.776910, -0.629612, 0.118240, -0.992985, 0.767291, -0.641299, 0.991665, -0.128845, 0.956518, 0.291674, 0.816880, 0.576808, 0.657039, 0.753857, 0.512065, 0.858947, 0.392303, 0.919836, 0.297724, 0.954652, 0.224762, 0.974414, 0.169182, 0.985585, 0.127137, 0.991885, 0.095452, 0.995434, 0.071627, 0.997431, 0.053733, 0.998555, 0.040302, 0.999188, 0.030226, 0.999543, 0.022668, 0.999743, 0.016999, 0.999856, 0.012748, 0.999919, 0.009560, 0.999954, 0.007169, 0.999974, 0.005376, 0.999986, 0.004031, 0.999992, 0.003023, 0.999995, 0.002267, 0.999997],
[-0.750987, 0.660317, 0.802650, 0.596450, -0.642201, -0.766537, 0.965499, 0.260408, -0.557263, 0.830336, -0.903077, -0.429479, -0.059276, -0.998242, 0.675213, -0.737622, 0.973848, -0.227202, 0.975682, 0.219193, 0.848007, 0.529984, 0.688235, 0.725488, 0.538967, 0.842327, 0.414003, 0.910276, 0.314652, 0.949207, 0.237736, 0.971330, 0.179030, 0.983844, 0.134571, 0.990904, 0.101049, 0.994882, 0.075833, 0.997121, 0.056890, 0.998380, 0.042672, 0.999089, 0.032004, 0.999488, 0.024001, 0.999712, 0.017999, 0.999838, 0.013498, 0.999909, 0.010122, 0.999949, 0.007590, 0.999971, 0.005692, 0.999984, 0.004268, 0.999991, 0.003201, 0.999995, 0.002400, 0.999997],
[0.149877, 0.988705, 0.993865, -0.110596, -0.952001, -0.306095, 0.987504, -0.157592, -0.271410, 0.962464, -0.978697, -0.205309, -0.234922, -0.972014, 0.571147, -0.820848, 0.946300, -0.323290, 0.989361, 0.145479, 0.876454, 0.481485, 0.718208, 0.695829, 0.565330, 0.824865, 0.435471, 0.900203, 0.331481, 0.943462, 0.250667, 0.968073, 0.188859, 0.982004, 0.141998, 0.989867, 0.106642, 0.994298, 0.080037, 0.996792, 0.060047, 0.998196, 0.045041, 0.998985, 0.033781, 0.999429, 0.025334, 0.999679, 0.018999, 0.999820, 0.014248, 0.999898, 0.010684, 0.999943, 0.008012, 0.999968, 0.006008, 0.999982, 0.004506, 0.999990, 0.003379, 0.999994, 0.002534, 0.999997],
[0.912945, 0.408082, 0.651894, -0.758310, -0.968602, 0.248617, 0.836491, -0.547981, 0.041358, 0.999144, -0.999539, 0.030354, -0.403159, -0.915130, 0.456938, -0.889499, 0.909297, -0.416147, 0.997480, 0.070948, 0.902131, 0.431463, 0.746904, 0.664932, 0.591127, 0.806578, 0.456693, 0.889624, 0.348205, 0.937418, 0.263554, 0.964645, 0.198669, 0.980067, 0.149417, 0.988774, 0.112231, 0.993682, 0.084239, 0.996446, 0.063203, 0.998001, 0.047410, 0.998875, 0.035558, 0.999368, 0.026667, 0.999644, 0.019999, 0.999800, 0.014997, 0.999888, 0.011247, 0.999937, 0.008434, 0.999964, 0.006325, 0.999980, 0.004743, 0.999989, 0.003557, 0.999994, 0.002667, 0.999996],
[0.836656, -0.547729, -0.039804, -0.999207, -0.686891, 0.726760, 0.538917, -0.842359, 0.350025, 0.936740, -0.964436, 0.264317, -0.558681, -0.829383, 0.334616, -0.942355, 0.863209, -0.504846, 0.999992, -0.003982, 0.924955, 0.380077, 0.774271, 0.632854, 0.616334, 0.787485, 0.477659, 0.878545, 0.364819, 0.931078, 0.276394, 0.961044, 0.208460, 0.978031, 0.156828, 0.987626, 0.117817, 0.993035, 0.088441, 0.996081, 0.066359, 0.997796, 0.049778, 0.998760, 0.037335, 0.999303, 0.028000, 0.999608, 0.020998, 0.999780, 0.015747, 0.999876, 0.011809, 0.999930, 0.008856, 0.999961, 0.006641, 0.999978, 0.004980, 0.999988, 0.003734, 0.999993, 0.002800, 0.999996],
[-0.008851, -0.999961, -0.710148, -0.704053, -0.193631, 0.981074, 0.146920, -0.989148, 0.623980, 0.781440, -0.875352, 0.483486, -0.696582, -0.717477, 0.206352, -0.978478, 0.808496, -0.588501, 0.996883, -0.078889, 0.944855, 0.327490, 0.800262, 0.599650, 0.640924, 0.767605, 0.498357, 0.866972, 0.381318, 0.924444, 0.289184, 0.957273, 0.218230, 0.975897, 0.164229, 0.986422, 0.123400, 0.992357, 0.092640, 0.995700, 0.069514, 0.997581, 0.052147, 0.998639, 0.039112, 0.999235, 0.029333, 0.999570, 0.021998, 0.999758, 0.016497, 0.999864, 0.012371, 0.999923, 0.009277, 0.999957, 0.006957, 0.999976, 0.005217, 0.999986, 0.003912, 0.999992, 0.002934, 0.999996],
[-0.846220, -0.532833, -0.999514, -0.031188, 0.359265, 0.933236, -0.270817, -0.962631, 0.836055, 0.548645, -0.737274, 0.675594, -0.812513, -0.582943, 0.074424, -0.997227, 0.745705, -0.666276, 0.988172, -0.153353, 0.961768, 0.273867, 0.824830, 0.565380, 0.664873, 0.746956, 0.518774, 0.854912, 0.397696, 0.917517, 0.301924, 0.953332, 0.227978, 0.973666, 0.171622, 0.985163, 0.128978, 0.991647, 0.096838, 0.995300, 0.072668, 0.997356, 0.054515, 0.998513, 0.040889, 0.999164, 0.030666, 0.999530, 0.022998, 0.999736, 0.017247, 0.999851, 0.012933, 0.999916, 0.009699, 0.999953, 0.007273, 0.999974, 0.005454, 0.999985, 0.004090, 0.999992, 0.003067, 0.999995],
[-0.905578, 0.424179, -0.752662, 0.658407, 0.801513, 0.597977, -0.641106, -0.767453, 0.965219, 0.261442, -0.557929, 0.829888, -0.902818, -0.430023, -0.058825, -0.998268, 0.675463, -0.737394, 0.973905, -0.226955, 0.975640, 0.219378, 0.847932, 0.530105, 0.688158, 0.725561, 0.538899, 0.842370, 0.413948, 0.910300, 0.314609, 0.949221, 0.237703, 0.971338, 0.179005, 0.983848, 0.134553, 0.990906, 0.101034, 0.994883, 0.075822, 0.997121, 0.056882, 0.998381, 0.042666, 0.999089, 0.031999, 0.999488, 0.023998, 0.999712, 0.017996, 0.999838, 0.013496, 0.999909, 0.010121, 0.999949, 0.007589, 0.999971, 0.005691, 0.999984, 0.004268, 0.999991, 0.003200, 0.999995],
[-0.132352, 0.991203, -0.102024, 0.994782, 0.996910, 0.078553, -0.899067, -0.437810, 0.998663, -0.051689, -0.347357, 0.937733, -0.964648, -0.263540, -0.191030, -0.981584, 0.598472, -0.801144, 0.954165, -0.299281, 0.986428, 0.164196, 0.869526, 0.493888, 0.710754, 0.703441, 0.558721, 0.829355, 0.430070, 0.902796, 0.327239, 0.944942, 0.247404, 0.968912, 0.186377, 0.982478, 0.140123, 0.990134, 0.105229, 0.994448, 0.078975, 0.996877, 0.059250, 0.998243, 0.044442, 0.999012, 0.033332, 0.999444, 0.024997, 0.999687, 0.018746, 0.999824, 0.014058, 0.999901, 0.010542, 0.999944, 0.007906, 0.999969, 0.005928, 0.999982, 0.004446, 0.999990, 0.003334, 0.999994],
[0.762558, 0.646919, 0.603349, 0.797477, 0.885277, -0.465064, -0.999505, -0.031460, 0.933070, -0.359694, -0.117343, 0.993091, -0.996054, -0.088746, -0.319842, -0.947471, 0.515501, -0.856889, 0.929062, -0.369925, 0.994097, 0.108495, 0.889574, 0.456792, 0.732640, 0.680617, 0.578230, 0.815874, 0.446055, 0.895006, 0.339811, 0.940494, 0.257081, 0.966390, 0.193740, 0.981053, 0.145688, 0.989331, 0.109422, 0.993995, 0.082127, 0.996622, 0.061617, 0.998100, 0.046219, 0.998931, 0.034665, 0.999399, 0.025997, 0.999662, 0.019496, 0.999810, 0.014620, 0.999893, 0.010964, 0.999940, 0.008222, 0.999966, 0.006166, 0.999981, 0.004624, 0.999989, 0.003467, 0.999994],
[0.956376, -0.292139, 0.985037, 0.172345, 0.500994, -0.865451, -0.924821, 0.380403, 0.774945, -0.632029, 0.119239, 0.992866, -0.996045, 0.088848, -0.442976, -0.896533, 0.427380, -0.904072, 0.898736, -0.438490, 0.998623, 0.052451, 0.908040, 0.418884, 0.753793, 0.657112, 0.597413, 0.801934, 0.461899, 0.886932, 0.352322, 0.935879, 0.266731, 0.963771, 0.201091, 0.979573, 0.151249, 0.988496, 0.113612, 0.993525, 0.085278, 0.996357, 0.063983, 0.997951, 0.047995, 0.998848, 0.035997, 0.999352, 0.026997, 0.999636, 0.020246, 0.999795, 0.015183, 0.999885, 0.011386, 0.999935, 0.008538, 0.999964, 0.006403, 0.999979, 0.004801, 0.999988, 0.003601, 0.999994],
[0.270906, -0.962606, 0.838274, -0.545249, -0.037585, -0.999293, -0.688100, 0.725616, 0.539969, -0.841685, 0.349147, 0.937068, -0.964621, 0.263640, -0.558244, -0.829677, 0.334988, -0.942222, 0.863359, -0.504590, 0.999993, -0.003759, 0.924891, 0.380231, 0.774192, 0.632951, 0.616260, 0.787543, 0.477598, 0.878579, 0.364770, 0.931098, 0.276356, 0.961055, 0.208431, 0.978037, 0.156806, 0.987629, 0.117801, 0.993037, 0.088428, 0.996083, 0.066350, 0.997796, 0.049771, 0.998761, 0.037330, 0.999303, 0.027996, 0.999608, 0.020995, 0.999780, 0.015745, 0.999876, 0.011807, 0.999930, 0.008854, 0.999961, 0.006640, 0.999978, 0.004979, 0.999988, 0.003734, 0.999993],
[-0.663634, -0.748058, 0.241797, -0.970327, -0.564588, -0.825373, -0.330820, 0.943694, 0.251445, -0.967871, 0.559513, 0.828821, -0.902773, 0.430116, -0.663599, -0.748088, 0.239249, -0.970958, 0.823129, -0.567854, 0.998201, -0.059957, 0.940099, 0.340902, 0.793817, 0.608156, 0.634760, 0.772709, 0.493145, 0.869947, 0.377154, 0.926151, 0.285952, 0.958244, 0.215759, 0.976447, 0.162357, 0.986732, 0.121987, 0.992532, 0.091578, 0.995798, 0.068716, 0.997636, 0.051547, 0.998671, 0.038662, 0.999252, 0.028996, 0.999580, 0.021745, 0.999764, 0.016307, 0.999867, 0.012229, 0.999925, 0.009170, 0.999958, 0.006877, 0.999976, 0.005157, 0.999987, 0.003867, 0.999993],
[-0.988032, 0.154251, -0.484400, -0.874846, -0.917710, -0.397252, 0.084424, 0.996430, -0.062015, -0.998075, 0.738563, 0.674185, -0.812453, 0.583027, -0.757171, -0.653216, 0.141120, -0.989992, 0.778273, -0.627927, 0.993253, -0.115966, 0.953634, 0.300967, 0.812649, 0.582754, 0.652904, 0.757441, 0.508536, 0.861041, 0.389470, 0.921039, 0.295520, 0.955337, 0.223075, 0.974801, 0.167903, 0.985803, 0.126172, 0.992008, 0.094726, 0.995503, 0.071081, 0.997471, 0.053323, 0.998577, 0.039995, 0.999200, 0.029995, 0.999550, 0.022495, 0.999747, 0.016869, 0.999858, 0.012651, 0.999920, 0.009487, 0.999955, 0.007114, 0.999975, 0.005335, 0.999986, 0.004001, 0.999992],
[-0.404038, 0.914742, -0.950726, -0.310031, -0.988193, 0.153215, 0.484876, 0.874583, -0.369325, -0.929300, 0.876274, 0.481814, -0.696508, 0.717549, -0.837299, -0.546746, 0.041581, -0.999135, 0.729042, -0.684469, 0.985165, -0.171608, 0.965475, 0.260497, 0.830668, 0.556768, 0.670681, 0.741746, 0.523767, 0.851862, 0.401718, 0.915764, 0.305059, 0.952334, 0.230379, 0.973101, 0.173444, 0.984844, 0.130354, 0.991468, 0.097874, 0.995199, 0.073446, 0.997299, 0.055099, 0.998481, 0.041327, 0.999146, 0.030995, 0.999520, 0.023245, 0.999730, 0.017432, 0.999848, 0.013072, 0.999915, 0.009803, 0.999952, 0.007351, 0.999973, 0.005513, 0.999985, 0.004134, 0.999991],
[0.551427, 0.834223, -0.907009, 0.421111, -0.754330, 0.656495, 0.800373, 0.599502, -0.640009, -0.768367, 0.964939, 0.262475, -0.558595, 0.829440, -0.902559, -0.430566, -0.058374, -0.998295, 0.675713, -0.737165, 0.973963, -0.226707, 0.975598, 0.219564, 0.847856, 0.530226, 0.688080, 0.725635, 0.538832, 0.842414, 0.413893, 0.910325, 0.314567, 0.949235, 0.237670, 0.971346, 0.178980, 0.983853, 0.134534, 0.990909, 0.101020, 0.994884, 0.075811, 0.997122, 0.056874, 0.998381, 0.042660, 0.999090, 0.031995, 0.999488, 0.023994, 0.999712, 0.017994, 0.999838, 0.013494, 0.999909, 0.010119, 0.999949, 0.007588, 0.999971, 0.005690, 0.999984, 0.004267, 0.999991],
[0.999912, -0.013277, -0.376702, 0.926334, -0.288147, 0.957586, 0.975639, 0.219383, -0.847224, -0.531235, 0.999595, 0.028445, -0.403064, 0.915172, -0.951793, -0.306742, -0.157746, -0.987480, 0.618586, -0.785717, 0.959681, -0.281090, 0.983987, 0.178240, 0.864197, 0.503154, 0.705092, 0.709116, 0.553726, 0.832699, 0.425996, 0.904725, 0.324043, 0.946042, 0.244947, 0.969536, 0.184509, 0.982831, 0.138711, 0.990333, 0.104166, 0.994560, 0.078175, 0.996940, 0.058650, 0.998279, 0.043992, 0.999032, 0.032994, 0.999456, 0.024744, 0.999694, 0.018556, 0.999828, 0.013916, 0.999903, 0.010435, 0.999946, 0.007825, 0.999969, 0.005868, 0.999983, 0.004401, 0.999990],
[0.529083, -0.848570, 0.355699, 0.934601, 0.266778, 0.963758, 0.979964, -0.199174, -0.970420, -0.241421, 0.978303, -0.207178, -0.234822, 0.972038, -0.984126, -0.177471, -0.255541, -0.966798, 0.557982, -0.829853, 0.942366, -0.334584, 0.990626, 0.136600, 0.879673, 0.475579, 0.721708, 0.692197, 0.568445, 0.822721, 0.438022, 0.898964, 0.333487, 0.942755, 0.252211, 0.967672, 0.190033, 0.981778, 0.142886, 0.989739, 0.107310, 0.994226, 0.080539, 0.996751, 0.060425, 0.998173, 0.045324, 0.998972, 0.033993, 0.999422, 0.025494, 0.999675, 0.019118, 0.999817, 0.014337, 0.999897, 0.010752, 0.999942, 0.008063, 0.999968, 0.006046, 0.999982, 0.004534, 0.999990],
[-0.428183, -0.903692, 0.897274, 0.441475, 0.739542, 0.673110, 0.812592, -0.582833, -0.997380, 0.072334, 0.902255, -0.431203, -0.059173, 0.998248, -0.998985, -0.045049, -0.350783, -0.936457, 0.494242, -0.869324, 0.922071, -0.387021, 0.995504, 0.094716, 0.894270, 0.447528, 0.737918, 0.674890, 0.582985, 0.812483, 0.449971, 0.893043, 0.342898, 0.939373, 0.259460, 0.965754, 0.195551, 0.980694, 0.147058, 0.989128, 0.110454, 0.993881, 0.082903, 0.996558, 0.062200, 0.998064, 0.046656, 0.998911, 0.034993, 0.999388, 0.026243, 0.999656, 0.019681, 0.999806, 0.014759, 0.999891, 0.011068, 0.999939, 0.008300, 0.999966, 0.006224, 0.999981, 0.004667, 0.999989],
[-0.991779, -0.127964, 0.957482, -0.288494, 0.984541, 0.175157, 0.502847, -0.864376, -0.925431, 0.378916, 0.775706, -0.631095, 0.118343, 0.992973, -0.996105, 0.088174, -0.442520, -0.896758, 0.427724, -0.903909, 0.898861, -0.438233, 0.998612, 0.052665, 0.907973, 0.419030, 0.753714, 0.657203, 0.597340, 0.801988, 0.461839, 0.886964, 0.352274, 0.935897, 0.266695, 0.963781, 0.201063, 0.979578, 0.151228, 0.988499, 0.113596, 0.993527, 0.085266, 0.996358, 0.063974, 0.997952, 0.047988, 0.998848, 0.035992, 0.999352, 0.026993, 0.999636, 0.020243, 0.999795, 0.015180, 0.999885, 0.011384, 0.999935, 0.008537, 0.999964, 0.006402, 0.999979, 0.004801, 0.999988],
[-0.643538, 0.765414, 0.504022, -0.863691, 0.926318, -0.376742, 0.104999, -0.994472, -0.761707, 0.647922, 0.605740, -0.795663, 0.292126, 0.956380, -0.975538, 0.219830, -0.529836, -0.848100, 0.358802, -0.933414, 0.872810, -0.488061, 0.999945, 0.010519, 0.920767, 0.390112, 0.769085, 0.639147, 0.611507, 0.791239, 0.473626, 0.880726, 0.361615, 0.932327, 0.273915, 0.961754, 0.206568, 0.978432, 0.155395, 0.987852, 0.116737, 0.993163, 0.087628, 0.996153, 0.065749, 0.997836, 0.049320, 0.998783, 0.036992, 0.999316, 0.027743, 0.999615, 0.020805, 0.999784, 0.015602, 0.999878, 0.011700, 0.999932, 0.008774, 0.999961, 0.006580, 0.999978, 0.004934, 0.999988],
[0.296369, 0.955074, -0.219835, -0.975537, 0.582806, -0.812611, -0.311246, -0.950329, -0.522445, 0.852673, 0.401870, -0.915697, 0.456695, 0.889623, -0.937649, 0.347583, -0.611858, -0.790968, 0.287863, -0.957672, 0.843999, -0.536345, 0.999499, -0.031645, 0.932641, 0.360805, 0.784024, 0.620731, 0.625480, 0.780240, 0.485328, 0.874332, 0.370920, 0.928665, 0.281119, 0.959673, 0.212067, 0.977255, 0.159560, 0.987188, 0.119878, 0.992789, 0.089990, 0.995943, 0.067523, 0.997718, 0.050652, 0.998716, 0.037991, 0.999278, 0.028492, 0.999594, 0.021367, 0.999772, 0.016024, 0.999872, 0.012016, 0.999928, 0.009011, 0.999959, 0.006757, 0.999977, 0.005067, 0.999987],
[0.963795, 0.266643, -0.825755, -0.564030, 0.059802, -0.998210, -0.672958, -0.739681, -0.231372, 0.972865, 0.175507, -0.984478, 0.606860, 0.794808, -0.883111, 0.469165, -0.687766, -0.725932, 0.215306, -0.976547, 0.812520, -0.582934, 0.997277, -0.073753, 0.943583, 0.331137, 0.798522, 0.601966, 0.639255, 0.768995, 0.496944, 0.867783, 0.380188, 0.924909, 0.288307, 0.957538, 0.217559, 0.976047, 0.163721, 0.986507, 0.123016, 0.992405, 0.092352, 0.995726, 0.069297, 0.997596, 0.051984, 0.998648, 0.038990, 0.999240, 0.029242, 0.999572, 0.021930, 0.999759, 0.016445, 0.999865, 0.012333, 0.999924, 0.009248, 0.999957, 0.006935, 0.999976, 0.005201, 0.999986],
[0.745113, -0.666938, -0.988676, 0.150068, -0.481621, -0.876379, -0.916762, -0.399433, 0.082646, 0.996579, -0.060679, -0.998157, 0.737886, 0.674926, -0.812891, 0.582415, -0.756802, -0.653644, 0.141539, -0.989933, 0.778472, -0.627679, 0.993281, -0.115730, 0.953581, 0.301137, 0.812571, 0.582862, 0.652828, 0.757506, 0.508471, 0.861079, 0.389418, 0.921061, 0.295480, 0.955349, 0.223044, 0.974808, 0.167880, 0.985807, 0.126154, 0.992011, 0.094713, 0.995505, 0.071071, 0.997471, 0.053316, 0.998578, 0.039989, 0.999200, 0.029991, 0.999550, 0.022492, 0.999747, 0.016867, 0.999858, 0.012649, 0.999920, 0.009485, 0.999955, 0.007113, 0.999975, 0.005334, 0.999986],
[-0.158623, -0.987339, -0.621194, 0.783657, -0.874714, -0.484639, -0.999942, 0.010797, 0.388468, 0.921462, -0.293469, -0.955969, 0.845639, 0.533756, -0.728238, 0.685325, -0.818277, -0.574824, 0.066976, -0.997755, 0.741963, -0.670441, 0.987519, -0.157501, 0.962625, 0.270837, 0.826163, 0.563431, 0.666195, 0.745778, 0.519908, 0.854222, 0.398609, 0.917121, 0.302636, 0.953106, 0.228523, 0.973539, 0.172035, 0.985091, 0.129290, 0.991607, 0.097073, 0.995277, 0.072845, 0.997343, 0.054647, 0.998506, 0.040989, 0.999160, 0.030741, 0.999527, 0.023054, 0.999734, 0.017289, 0.999851, 0.012965, 0.999916, 0.009722, 0.999953, 0.007291, 0.999973, 0.005467, 0.999985],
[-0.916522, -0.399985, 0.079545, 0.996831, -0.998410, 0.056361, -0.907923, 0.419137, 0.655765, 0.754965, -0.509834, -0.860273, 0.926720, 0.375752, -0.630654, 0.776064, -0.871576, -0.490261, -0.007963, -0.999968, 0.703108, -0.711083, 0.980001, -0.198992, 0.970707, 0.240266, 0.839290, 0.543683, 0.679351, 0.733814, 0.531253, 0.847213, 0.407760, 0.913089, 0.309774, 0.950810, 0.233994, 0.972238, 0.176188, 0.984357, 0.132426, 0.991193, 0.099433, 0.995044, 0.074618, 0.997212, 0.055979, 0.998432, 0.041988, 0.999118, 0.031490, 0.999504, 0.023616, 0.999721, 0.017710, 0.999843, 0.013281, 0.999912, 0.009960, 0.999950, 0.007469, 0.999972, 0.005601, 0.999984],
[-0.831775, 0.555113, 0.737609, 0.675228, -0.814614, 0.580003, -0.656829, 0.754039, 0.858031, 0.513598, -0.697661, -0.716428, 0.978574, 0.205897, -0.521871, 0.853024, -0.916166, -0.400799, -0.082857, -0.996561, 0.662031, -0.749477, 0.970741, -0.240129, 0.977818, 0.209454, 0.851946, 0.523630, 0.692292, 0.721618, 0.542503, 0.840054, 0.416871, 0.908966, 0.316896, 0.948460, 0.239457, 0.970907, 0.180337, 0.983605, 0.135559, 0.990769, 0.101792, 0.994806, 0.076392, 0.997078, 0.057310, 0.998356, 0.042987, 0.999076, 0.032240, 0.999480, 0.024178, 0.999708, 0.018132, 0.999836, 0.013597, 0.999908, 0.010197, 0.999948, 0.007647, 0.999971, 0.005734, 0.999984],
[0.017702, 0.999843, 0.999963, -0.008619, -0.379933, 0.925014, -0.290652, 0.956829, 0.975206, 0.221298, -0.846441, -0.532482, 0.999563, 0.029548, -0.403822, 0.914838, -0.951602, -0.307333, -0.157286, -0.987553, 0.618860, -0.785501, 0.959755, -0.280839, 0.983952, 0.178433, 0.864123, 0.503281, 0.705014, 0.709193, 0.553657, 0.832745, 0.425939, 0.904752, 0.323999, 0.946057, 0.244913, 0.969545, 0.184484, 0.982836, 0.138692, 0.990336, 0.104151, 0.994561, 0.078164, 0.996940, 0.058641, 0.998279, 0.043986, 0.999032, 0.032989, 0.999456, 0.024740, 0.999694, 0.018554, 0.999828, 0.013914, 0.999903, 0.010434, 0.999946, 0.007824, 0.999969, 0.005867, 0.999983],
[0.850904, 0.525322, 0.725857, -0.687845, 0.171762, 0.985139, 0.126448, 0.991973, 0.995671, -0.092948, -0.947845, -0.318733, 0.989027, -0.147733, -0.278603, 0.960406, -0.977530, -0.210796, -0.230831, -0.972994, 0.573733, -0.819042, 0.947062, -0.321050, 0.989102, 0.147234, 0.875813, 0.482650, 0.717513, 0.696545, 0.564712, 0.825288, 0.434966, 0.900447, 0.331084, 0.943601, 0.250361, 0.968152, 0.188627, 0.982049, 0.141823, 0.989892, 0.106509, 0.994312, 0.079937, 0.996800, 0.059972, 0.998200, 0.044985, 0.998988, 0.033739, 0.999431, 0.025303, 0.999680, 0.018975, 0.999820, 0.014230, 0.999899, 0.010671, 0.999943, 0.008002, 0.999968, 0.006001, 0.999982],
[0.901788, -0.432178, 0.062346, -0.998055, 0.670557, 0.741858, 0.521393, 0.853316, 0.917395, -0.397977, -0.996196, -0.087145, 0.947298, -0.320354, -0.148436, 0.988922, -0.993691, -0.112153, -0.303078, -0.952966, 0.526793, -0.849994, 0.932686, -0.360690, 0.993262, 0.115888, 0.887011, 0.461748, 0.729786, 0.683676, 0.575667, 0.817684, 0.443948, 0.896052, 0.338151, 0.941092, 0.255802, 0.966729, 0.192766, 0.981245, 0.144952, 0.989439, 0.108867, 0.994056, 0.081710, 0.996656, 0.061304, 0.998119, 0.045984, 0.998942, 0.034488, 0.999405, 0.025865, 0.999665, 0.019397, 0.999812, 0.014546, 0.999894, 0.010908, 0.999941, 0.008180, 0.999967, 0.006134, 0.999981],
[0.123573, -0.992335, -0.634612, -0.772831, 0.962833, 0.270098, 0.824988, 0.565151, 0.748142, -0.663538, -0.988789, 0.149321, 0.875691, -0.482872, -0.015634, 0.999878, -0.999923, -0.012389, -0.373621, -0.927581, 0.478186, -0.878258, 0.916651, -0.399689, 0.996430, 0.084425, 0.897711, 0.440585, 0.741827, 0.670591, 0.586520, 0.809935, 0.452886, 0.891568, 0.345199, 0.938530, 0.261234, 0.965275, 0.196902, 0.980423, 0.148080, 0.988975, 0.111224, 0.993795, 0.083482, 0.996509, 0.062634, 0.998037, 0.046983, 0.998896, 0.035238, 0.999379, 0.026427, 0.999651, 0.019818, 0.999804, 0.014862, 0.999890, 0.011145, 0.999938, 0.008358, 0.999965, 0.006268, 0.999980],
[-0.768255, -0.640144, -0.991116, -0.133001, 0.958573, -0.284847, 0.984036, 0.177967, 0.504697, -0.863297, -0.926038, 0.377429, 0.776465, -0.630161, 0.117446, 0.993079, -0.996165, 0.087499, -0.442065, -0.896983, 0.428068, -0.903746, 0.898986, -0.437977, 0.998601, 0.052878, 0.907905, 0.419175, 0.753635, 0.657294, 0.597268, 0.802042, 0.461779, 0.886995, 0.352227, 0.935915, 0.266658, 0.963791, 0.201035, 0.979584, 0.151207, 0.988502, 0.113580, 0.993529, 0.085254, 0.996359, 0.063965, 0.997952, 0.047982, 0.998848, 0.035987, 0.999352, 0.026989, 0.999636, 0.020240, 0.999795, 0.015178, 0.999885, 0.011382, 0.999935, 0.008536, 0.999964, 0.006401, 0.999979],
[-0.953753, 0.300593, -0.815907, 0.578183, 0.659090, -0.752064, 0.970674, -0.240400, 0.211201, -0.977443, -0.811456, 0.584413, 0.652750, -0.757574, 0.248440, 0.968647, -0.982453, 0.186512, -0.508024, -0.861343, 0.376597, -0.926377, 0.879723, -0.475486, 0.999774, 0.021279, 0.917589, 0.397530, 0.765203, 0.643789, 0.607910, 0.794006, 0.470626, 0.882333, 0.359235, 0.933247, 0.272074, 0.962276, 0.205164, 0.978728, 0.154332, 0.988019, 0.115936, 0.993257, 0.087025, 0.996206, 0.065296, 0.997866, 0.048980, 0.998800, 0.036737, 0.999325, 0.027551, 0.999620, 0.020662, 0.999786, 0.015495, 0.999880, 0.011619, 0.999932, 0.008713, 0.999962, 0.006534, 0.999979],
[-0.262375, 0.964966, -0.202982, 0.979182, 0.156621, -0.987659, 0.787242, -0.616645, -0.103240, -0.994656, -0.651457, 0.758686, 0.508447, -0.861093, 0.375023, 0.927015, -0.958924, 0.283662, -0.571127, -0.820862, 0.323935, -0.946079, 0.858896, -0.512150, 0.999947, -0.010342, 0.926757, 0.375661, 0.776530, 0.630080, 0.618444, 0.785829, 0.479426, 0.877583, 0.366223, 0.930527, 0.277481, 0.960731, 0.209289, 0.977854, 0.157456, 0.987526, 0.118291, 0.992979, 0.088797, 0.996050, 0.066627, 0.997778, 0.049979, 0.998750, 0.037486, 0.999297, 0.028113, 0.999605, 0.021083, 0.999778, 0.015811, 0.999875, 0.011857, 0.999930, 0.008891, 0.999960, 0.006668, 0.999978],
[0.670229, 0.742154, 0.518837, 0.854873, -0.394086, -0.919074, 0.465879, -0.884849, -0.407442, -0.913231, -0.454994, 0.890495, 0.348109, -0.937454, 0.494947, 0.868923, -0.925815, 0.377978, -0.631020, -0.775766, 0.270249, -0.962790, 0.836542, -0.547903, 0.999120, -0.041953, 0.935404, 0.353580, 0.787611, 0.616173, 0.628868, 0.777512, 0.488177, 0.872745, 0.373191, 0.927755, 0.282879, 0.959156, 0.213411, 0.976963, 0.160578, 0.987023, 0.120645, 0.992696, 0.090568, 0.995890, 0.067957, 0.997688, 0.050978, 0.998700, 0.038235, 0.999269, 0.028675, 0.999589, 0.021505, 0.999769, 0.016127, 0.999870, 0.012094, 0.999927, 0.009069, 0.999959, 0.006801, 0.999977],
[0.986628, -0.162991, 0.962314, 0.271940, -0.823422, -0.567430, 0.062888, -0.998021, -0.671240, -0.741240, -0.233065, 0.972461, 0.176791, -0.984248, 0.606082, 0.795402, -0.883455, 0.468516, -0.687367, -0.726311, 0.215709, -0.976458, 0.812700, -0.582682, 0.997294, -0.073522, 0.943525, 0.331301, 0.798443, 0.602070, 0.639180, 0.769057, 0.496880, 0.867819, 0.380138, 0.924930, 0.288268, 0.957550, 0.217529, 0.976054, 0.163698, 0.986510, 0.122999, 0.992407, 0.092339, 0.995728, 0.069288, 0.997597, 0.051977, 0.998648, 0.038985, 0.999240, 0.029238, 0.999573, 0.021926, 0.999760, 0.016443, 0.999865, 0.012331, 0.999924, 0.009247, 0.999957, 0.006934, 0.999976],
[0.395925, -0.918283, 0.889529, -0.456880, -0.999158, -0.041028, -0.351119, -0.936331, -0.868470, -0.495742, 0.001910, 0.999998, -0.000103, -1.000000, 0.706456, 0.707757, -0.832267, 0.554375, -0.739849, -0.672773, 0.160487, -0.987038, 0.787413, -0.616425, 0.994470, -0.105017, 0.951116, 0.308835, 0.809023, 0.587777, 0.649378, 0.760466, 0.505533, 0.862807, 0.387063, 0.922053, 0.293648, 0.955914, 0.221643, 0.975128, 0.166817, 0.985988, 0.125352, 0.992112, 0.094109, 0.995562, 0.070618, 0.997503, 0.052975, 0.998596, 0.039734, 0.999210, 0.029800, 0.999556, 0.022348, 0.999750, 0.016759, 0.999860, 0.012568, 0.999921, 0.009425, 0.999956, 0.007068, 0.999975],
[-0.558789, -0.829310, 0.339532, -0.940595, -0.867172, 0.498010, -0.703609, -0.710587, -0.979575, -0.201080, 0.236776, 0.971564, -0.176993, -0.984212, 0.794286, 0.607545, -0.772764, 0.634693, -0.788174, -0.615453, 0.104757, -0.994498, 0.760726, -0.649073, 0.990653, -0.136407, 0.958171, 0.286196, 0.819347, 0.573298, 0.659461, 0.751739, 0.514136, 0.857709, 0.393966, 0.919125, 0.299019, 0.954247, 0.225753, 0.974185, 0.169934, 0.985455, 0.127705, 0.991812, 0.095880, 0.995393, 0.071948, 0.997408, 0.053974, 0.998542, 0.040483, 0.999180, 0.030362, 0.999539, 0.022770, 0.999741, 0.017075, 0.999854, 0.012805, 0.999918, 0.009603, 0.999954, 0.007201, 0.999974],
[-0.999755, 0.022127, -0.392616, -0.919702, -0.468113, 0.883668, -0.932819, -0.360344, -0.993536, 0.113522, 0.458391, 0.888750, -0.348302, -0.937383, 0.868011, 0.496545, -0.705540, 0.708670, -0.832068, -0.554674, 0.048696, -0.998814, 0.732687, -0.680566, 0.985845, -0.167661, 0.964688, 0.263396, 0.829412, 0.558638, 0.669427, 0.742878, 0.522687, 0.852525, 0.400848, 0.916145, 0.304380, 0.952551, 0.229859, 0.973224, 0.173050, 0.984913, 0.130056, 0.991507, 0.097650, 0.995221, 0.073278, 0.997312, 0.054972, 0.998488, 0.041232, 0.999150, 0.030924, 0.999522, 0.023191, 0.999731, 0.017392, 0.999849, 0.013042, 0.999915, 0.009780, 0.999952, 0.007334, 0.999973],
[-0.521551, 0.853220, -0.914136, -0.405408, 0.075116, 0.997175, -0.998593, 0.053036, -0.908967, 0.416867, 0.654350, 0.756192, -0.508625, -0.860988, 0.926324, 0.376728, -0.631267, 0.775566, -0.871285, -0.490777, -0.007519, -0.999972, 0.703345, -0.710849, 0.980051, -0.198747, 0.970662, 0.240448, 0.839214, 0.543801, 0.679273, 0.733885, 0.531186, 0.847255, 0.407706, 0.913113, 0.309732, 0.950824, 0.233961, 0.972246, 0.176163, 0.984361, 0.132407, 0.991195, 0.099419, 0.995046, 0.074608, 0.997213, 0.055971, 0.998432, 0.041982, 0.999118, 0.031486, 0.999504, 0.023613, 0.999721, 0.017708, 0.999843, 0.013279, 0.999912, 0.009958, 0.999950, 0.007468, 0.999972],
[0.436165, 0.899867, -0.945240, 0.326377, 0.595212, 0.803569, -0.889404, 0.457122, -0.734258, 0.678870, 0.813682, 0.581310, -0.652906, -0.757439, 0.968189, 0.250222, -0.550686, 0.834713, -0.905605, -0.424122, -0.063710, -0.997968, 0.672752, -0.739868, 0.973277, -0.229634, 0.976091, 0.217364, 0.848751, 0.528792, 0.688999, 0.724762, 0.539632, 0.841901, 0.414542, 0.910030, 0.315074, 0.949067, 0.238059, 0.971251, 0.179275, 0.983799, 0.134757, 0.990879, 0.101188, 0.994867, 0.075938, 0.997113, 0.056969, 0.998376, 0.042731, 0.999087, 0.032048, 0.999486, 0.024034, 0.999711, 0.018024, 0.999838, 0.013516, 0.999909, 0.010136, 0.999949, 0.007601, 0.999971],
[0.992873, 0.119180, -0.469244, 0.883068, 0.931991, 0.362480, -0.624385, 0.781117, -0.486733, 0.873551, 0.927473, 0.373890, -0.776595, -0.630000, 0.992862, 0.119272, -0.464602, 0.885520, -0.934835, -0.355083, -0.119699, -0.992810, 0.640964, -0.767571, 0.965530, -0.260292, 0.980970, 0.194159, 0.858020, 0.513616, 0.698602, 0.715510, 0.548024, 0.836463, 0.421355, 0.906896, 0.320406, 0.947280, 0.242153, 0.970238, 0.182386, 0.983227, 0.137106, 0.990556, 0.102957, 0.994686, 0.077267, 0.997010, 0.057967, 0.998318, 0.043480, 0.999054, 0.032610, 0.999468, 0.024456, 0.999701, 0.018340, 0.999832, 0.013754, 0.999905, 0.010314, 0.999947, 0.007734, 0.999970],
[0.636738, -0.771080, 0.258489, 0.966014, 0.981736, -0.190249, -0.249968, 0.968254, -0.190938, 0.981602, 0.989352, 0.145544, -0.875790, -0.482691, 0.999905, -0.013795, -0.373877, 0.927478, -0.958810, -0.284048, -0.175310, -0.984513, 0.608035, -0.793910, 0.956817, -0.290690, 0.985298, 0.170844, 0.867017, 0.498278, 0.708082, 0.706131, 0.556361, 0.830941, 0.428144, 0.903711, 0.325728, 0.945464, 0.246242, 0.969208, 0.185494, 0.982645, 0.139455, 0.990228, 0.104726, 0.994501, 0.078597, 0.996907, 0.058966, 0.998260, 0.044229, 0.999021, 0.033172, 0.999450, 0.024878, 0.999691, 0.018656, 0.999826, 0.013991, 0.999902, 0.010492, 0.999945, 0.007868, 0.999969],
[-0.304811, -0.952413, 0.847552, 0.530713, 0.729124, -0.684382, 0.168245, 0.985745, 0.123791, 0.992308, 0.995856, -0.090949, -0.947364, -0.320159, 0.989193, -0.146617, -0.279415, 0.960170, -0.977396, -0.211416, -0.230367, -0.973104, 0.574026, -0.818837, 0.947148, -0.320796, 0.989072, 0.147433, 0.875741, 0.482782, 0.717435, 0.696626, 0.564642, 0.825336, 0.434908, 0.900475, 0.331039, 0.943617, 0.250327, 0.968161, 0.188600, 0.982054, 0.141803, 0.989895, 0.106494, 0.994313, 0.079926, 0.996801, 0.059964, 0.998201, 0.044978, 0.998988, 0.033734, 0.999431, 0.025299, 0.999680, 0.018973, 0.999820, 0.014228, 0.999899, 0.010669, 0.999943, 0.008001, 0.999968],
[-0.966118, -0.258102, 0.981919, -0.189303, 0.251952, -0.967740, 0.556981, 0.830525, 0.426245, 0.904608, 0.946620, -0.322351, -0.989058, -0.147529, 0.960917, -0.276835, -0.182163, 0.983268, -0.990488, -0.137596, -0.284696, -0.958618, 0.538995, -0.842309, 0.936532, -0.350583, 0.992290, 0.123939, 0.884187, 0.467133, 0.726660, 0.686997, 0.572867, 0.819648, 0.441649, 0.897188, 0.336340, 0.941740, 0.254407, 0.967097, 0.191705, 0.981453, 0.144150, 0.989556, 0.108262, 0.994122, 0.081255, 0.996693, 0.060962, 0.998140, 0.045728, 0.998954, 0.034296, 0.999412, 0.025721, 0.999669, 0.019289, 0.999814, 0.014465, 0.999895, 0.010847, 0.999941, 0.008134, 0.999967],
[-0.739181, 0.673507, 0.589509, -0.807762, -0.302813, -0.953050, 0.848128, 0.529791, 0.686428, 0.727198, 0.844401, -0.535711, -0.999557, 0.029754, 0.915579, -0.402138, -0.083090, 0.996542, -0.998013, -0.063003, -0.338125, -0.941101, 0.503007, -0.864282, 0.924979, -0.380018, 0.994950, 0.100375, 0.892354, 0.451337, 0.735757, 0.677246, 0.581035, 0.813878, 0.448364, 0.893851, 0.341631, 0.939834, 0.258483, 0.966016, 0.194808, 0.980841, 0.146496, 0.989211, 0.110030, 0.993928, 0.082584, 0.996584, 0.061960, 0.998079, 0.046477, 0.998919, 0.034858, 0.999392, 0.026142, 0.999658, 0.019605, 0.999808, 0.014702, 0.999892, 0.011025, 0.999939, 0.008268, 0.999966],
[0.167356, 0.985897, -0.119158, -0.992875, -0.764318, -0.644840, 0.990677, 0.136231, 0.878539, 0.477671, 0.694921, -0.719086, -0.978531, 0.206098, 0.853983, -0.520301, 0.016814, 0.999859, -0.999929, 0.011944, -0.390484, -0.920610, 0.466124, -0.884719, 0.912501, -0.409074, 0.997050, 0.076755, 0.900238, 0.435398, 0.744722, 0.667375, 0.589145, 0.808028, 0.455054, 0.890464, 0.346911, 0.937898, 0.262555, 0.964917, 0.197908, 0.980221, 0.148841, 0.988861, 0.111797, 0.993731, 0.083913, 0.996473, 0.062958, 0.998016, 0.047226, 0.998884, 0.035420, 0.999372, 0.026564, 0.999647, 0.019921, 0.999802, 0.014939, 0.999888, 0.011203, 0.999937, 0.008401, 0.999965]}
[PASS] test/test_positional_encoding.c:19: positional encoding pe[0][0]

Test summary:
	Run:    13
	Passed: 13
	Failed: 0
